loc:
  world: hub
  x: -264.35397956102213
  y: 18.0
  z: 108.50409170227682
  yaw: 67.34927
  pitch: 8.849941
